4294967294,0
4294967279,519
4294967278,309
4294967278,345
4294967294,273
14,6
4294967278,327
36,7
36,6
36,5
36,4
4294967278,308
4294967279,525
56,2
38,6
38,5
37,7
38,4
37,4
4294967294,1437
34,6
34,5
32,6
34,4
32,4
31,4
30,4
4294967294,1440
35,6
4294967294,1439
35,4
4294967294,1438
23,7
23,15
23,11
23,6
23,5
23,4
4294967294,1417
4294967294,1434
4294967294,1431
4294967294,1444
4294967294,475
4294967294,474
4294967294,1447
117,7
117,5
115,6
117,4
115,4
4294967294,1600
4294967294,1547
63,11
63,7
139,5
141,5
141,7
141,4
4294967294,1549
4294967279,512
4294967278,342
4294967294,1602
4294967279,523
140,2
56,6
56,1
4294967294,480
140,7
140,6
140,1
140,4
140,8
140,5
40,1
40,4
40,5
4294967279,292
152,4
4294967294,1567
4294967294,1565
4294967294,1557
4294967294,1572
4294967278,137
4294967279,278
4294967278,275
4294967278,274
6,1
4294967279,134
6,7
4294967278,284
4294967279,293
4294967278,396
4294967278,282
4294967278,328
4294967278,346
4294967279,286
144,4
4294967278,280
4294967279,269
4294967294,271
4294967294,83
4294967294,81
4294967278,306
123,4
123,6
123,5
4294967279,529
132,5
147,7
114,6
114,5
111,4
110,4
496,58
496,0
496,57
496,56
496,55
496,40
496,38
496,36
496,54
496,53
496,52
496,51
496,11
496,12
496,50
4294967278,263
4294967294,492
4294967294,493
143,4
119,4
119,5
125,4
135,4
139,4
131,4
132,10
132,9
132,6
496,49
496,34
496,48
4,22
4,0
3,16
496,41
496,44
3,25
3,0
3,23
3,24
3,11
496,47
4294967278,339
496,46
496,45
4,18
4,17
4,21
496,26
496,43
3,22
3,20
496,42
496,28
496,39
496,37
496,35
496,9
496,8
496,5
4294967279,318
3,21
496,33
496,10
496,32
4,20
496,31
3,9
496,30
496,29
496,27
496,6
496,21
496,25
3,19
496,24
4,19
4,15
4,13
496,23
496,22
496,20
496,7
496,19
496,18
4,16
3,18
3,10
496,17
4294967278,184
4294967279,185
3,17
4294967278,168
4294967279,169
496,16
4294967278,290
4294967278,318
4294967278,260
4294967278,283
4294967294,1544
4294967279,287
2,10
2,9
2,2
2,5
4294967279,317
4294967278,258
4294967279,261
4294967278,277
4294967279,259
4294967278,304
4294967278,303
4294967278,302
4294967278,301
4294967278,300
4294967278,299
4294967279,311
4294967278,298
4294967279,256
4294967278,296
4294967278,255
4294967278,254
4294967279,254
4294967278,253
4294967279,251
4294967278,249
4294967279,249
4294967278,247
4294967279,247
4294967278,245
4294967278,243
4294967279,243
4294967278,241
4294967279,241
4294967278,239
4294967279,239
4294967278,238
4,14
4,12
4294967279,238
4294967278,237
4,6
4,5
4294967279,237
4294967278,235
4294967279,235
4294967278,233
4294967279,233
4294967278,231
4294967279,231
4294967278,229
4294967279,229
4294967278,227
496,15
496,14
496,13
4294967279,227
4294967278,225
4294967279,225
4294967278,223
4294967279,223
4294967278,221
4294967279,221
4294967278,219
4294967279,219
4294967278,217
4294967279,217
4294967278,215
4294967279,280
4294967278,214
4294967279,215
4294967278,213
4294967279,214
4294967278,212
4294967279,213
4294967278,211
4294967279,212
4294967278,210
4294967279,211
4294967278,209
4294967279,210
4294967278,208
4294967279,209
4294967278,207
4294967279,208
4294967278,206
4294967279,207
4294967278,205
4294967279,206
4294967278,204
4294967279,205
4294967278,203
4294967279,204
4294967278,202
4294967279,203
4294967278,201
4294967279,202
4294967278,200
4294967279,201
4294967278,199
4294967279,200
4294967278,198
4294967279,199
4294967278,197
4294967279,198
4294967278,196
4294967279,197
4294967278,195
4294967279,196
4294967278,194
4294967279,195
4294967278,193
4294967279,194
4294967278,192
4294967279,193
4294967278,191
4294967279,192
4294967278,190
4294967279,191
4294967278,189
4294967279,190
4294967278,188
4294967279,189
4294967278,187
4294967279,188
4294967278,186
4294967279,187
4294967278,185
4294967279,186
4294967278,183
4294967279,184
4294967278,182
4294967279,183
4294967278,181
4294967279,182
4294967278,180
4294967279,181
4294967278,179
4294967279,180
4294967278,178
4294967279,179
4294967278,177
4294967279,178
4294967278,176
4294967279,177
4294967278,175
4294967279,176
4294967278,173
4294967279,175
4294967278,172
4294967279,173
4294967278,171
4294967279,172
4294967278,170
4294967279,171
4,11
4,2
4294967278,169
4294967279,170
4294967278,0
4294967278,174
4294967278,333
4294967294,1456
43,2
4294967278,167
4294967279,168
4294967278,166
4294967279,167
4294967278,165
4294967279,166
4294967278,164
4294967279,165
4294967278,163
4294967279,164
4294967278,162
4294967279,163
4294967278,161
4294967279,162
4294967278,160
4294967279,161
4294967278,159
4294967279,160
4294967278,158
4294967279,159
4294967278,157
4294967279,158
4294967278,156
4294967279,156
4294967278,155
4294967279,155
4294967278,154
4294967279,154
4294967278,153
4294967279,153
4294967278,152
4294967279,152
4294967278,151
4294967279,151
4294967278,150
4294967279,150
4294967278,291
4294967279,149
4294967278,148
4294967279,148
4294967278,147
4294967279,147
4294967278,146
4294967279,146
4294967278,145
4294967279,145
4294967278,144
4294967279,144
4294967278,143
4294967279,143
4294967278,142
4294967279,142
4294967278,141
4294967279,141
4,4
4294967278,140
4294967279,294
4294967278,139
4294967279,139
4294967278,138
4294967279,279
4294967278,285
4294967279,137
4294967278,136
4294967279,291
4294967278,135
4294967279,135
4294967278,134
4294967279,290
4294967278,133
4294967279,276
4294967278,272
4294967279,275
4294967278,271
4294967279,274
4294967278,270
4294967279,273
4294967278,269
4294967279,272
4294967278,281
4294967279,271
4294967278,267
4294967279,270
4294967278,266
4294967279,289
4294967278,279
4294967279,268
4294967278,265
4294967279,267
4294967278,264
4294967279,266
4294967278,286
4294967279,265
4294967278,262
4294967279,264
3,1
4294967278,261
4,1
4294967279,263
2,1
4294967278,259
2,4
4294967294,471
4294967294,220
4294967294,267
4294967294,1425
4294967294,1445
4294967294,1538
4294967294,1457
4294967294,489
4294967294,488
4294967294,272
55,6
65,5
65,7
66,5
65,4
4294967294,1453
4294967294,1443
4294967294,481
4294967294,482
4294967294,1436
4294967279,316
4294967279,315
4294967279,314
4294967278,257
4294967279,313
4294967279,312
4294967279,258
4294967279,310
42,19
42,18
42,17
42,16
42,15
42,14
42,12
42,11
42,10
42,9
42,8
42,7
42,6
42,2
4294967279,309
4294967278,276
4294967279,255
39,4
55,4
4294967294,22
4294967294,17
4294967294,42
4294967294,67
4294967294,99
4294967294,76
4294967294,41
4294967294,43
4294967294,51
4294967294,52
4294967294,26
4294967294,82
4294967278,251
4294967279,250
4294967278,248
4294967279,248
4294967278,246
41,9
41,7
41,6
41,2
43,6
43,1
4294967279,245
44,6
44,5
4294967278,244
4294967279,244
42,1
42,13
4294967278,242
4294967294,477
4294967294,479
4294967294,478
4294967294,25
4294967294,12
4294967294,476
4294967294,1427
4294967294,27
4294967294,270
4294967294,68
4294967294,11
4294967279,242
4294967278,240
4294967294,1454
4294967279,308
64,2
64,4
4294967279,240
58,2
58,4
4294967294,1435
5,2
5,4
4294967279,236
4294967278,234
4294967279,234
4294967278,232
3,2
3,4
42,5
86,4
67,4
69,5
56,7
56,4
56,5
4294967293,131
4294967293,130
4294967293,129
4294967293,128
4294967293,127
4294967293,126
4294967293,125
4294967293,124
4294967293,123
4294967293,122
4294967293,121
4294967293,120
4294967293,119
4294967293,118
4294967293,117
4294967293,116
4294967293,115
4294967293,114
4294967293,113
4294967293,112
4294967293,111
4294967293,110
4294967293,109
4294967293,108
4294967293,107
4294967293,106
4294967293,105
4294967293,104
4294967293,103
4294967293,102
4294967293,101
4294967293,100
4294967293,99
4294967293,98
4294967293,97
4294967293,96
4294967293,95
4294967293,94
4294967293,93
4294967293,92
4294967293,91
4294967293,90
4294967293,89
4294967293,87
4294967293,86
4294967293,85
4294967293,84
4294967293,83
4294967293,82
4294967293,81
4294967293,80
4294967293,79
4294967293,78
4294967293,77
4294967293,76
4294967293,75
4294967293,74
4294967293,73
4294967293,72
4294967293,71
4294967293,70
4294967293,69
4294967293,68
4294967293,67
4294967293,66
4294967293,65
4294967293,64
4294967293,63
4294967293,62
4294967293,61
4294967293,60
4294967293,59
4294967293,58
4294967293,57
4294967293,56
4294967293,55
4294967293,54
4294967293,53
4294967293,52
4294967293,51
4294967293,50
4294967293,49
4294967293,48
4294967293,47
4294967293,46
4294967293,45
4294967293,44
4294967293,43
4294967293,42
4294967293,41
4294967293,40
4294967293,39
4294967293,38
4294967293,37
4294967293,36
4294967293,35
4294967293,34
4294967293,33
4294967293,32
4294967293,31
4294967293,30
4294967293,29
4294967293,28
4294967293,27
4294967293,26
4294967293,25
4294967293,24
4294967293,23
4294967293,22
4294967293,21
4294967293,20
4294967293,19
4294967293,18
4294967293,17
4294967293,16
4294967293,15
4294967293,14
4294967293,13
4294967293,12
4294967293,11
4294967293,10
4294967293,9
4294967293,8
4294967293,7
4294967293,6
4294967293,5
4294967293,4
4294967293,3
4294967278,132
4294967278,131
4294967278,130
4294967278,129
4294967278,128
4294967278,127
4294967278,126
4294967278,125
4294967278,124
4294967278,123
4294967278,122
4294967278,121
4294967278,120
4294967278,119
4294967278,118
4294967278,117
4294967278,116
4294967278,115
4294967278,114
4294967278,113
4294967278,112
4294967278,111
4294967278,220
4294967278,105
4294967278,104
4294967278,103
4294967278,102
4294967278,101
4294967278,100
4294967278,99
4294967278,98
4294967278,97
4294967278,96
4294967278,95
4294967278,94
4294967278,93
4294967278,92
4294967278,91
4294967278,90
4294967278,321
4294967278,89
4294967278,313
4294967278,87
4294967278,86
4294967278,85
4294967278,84
4294967278,83
4294967278,82
4294967278,81
4294967278,80
4294967278,79
4294967278,78
4294967278,77
4294967278,76
4294967278,75
4294967278,74
4294967278,73
4294967278,72
4294967278,71
4294967278,70
4294967278,69
4294967278,68
4294967278,67
4294967278,66
4294967278,65
4294967278,64
4294967278,63
4294967278,62
4294967278,61
4294967278,60
4294967278,59
4294967278,58
4294967278,57
4294967278,56
4294967278,55
4294967278,54
4294967278,53
4294967278,52
4294967278,51
4294967278,50
4294967278,49
4294967278,48
4294967278,47
4294967278,46
4294967278,45
4294967278,44
4294967278,43
4294967278,42
4294967278,41
4294967278,40
4294967278,39
4294967278,38
4294967278,37
4294967278,36
4294967278,35
4294967278,34
4294967278,33
4294967278,32
4294967278,31
4294967278,30
4294967278,29
4294967278,28
4294967278,27
4294967278,26
4294967278,25
4294967278,24
4294967278,23
4294967278,22
4294967278,21
4294967278,20
4294967278,19
4294967278,18
4294967278,17
4294967278,16
4294967278,15
4294967278,14
4294967278,13
4294967278,12
4294967278,11
4294967278,10
4294967278,9
4294967278,8
4294967278,7
4294967278,6
4294967278,5
4294967278,4
4294967279,132
4294967279,131
4294967279,130
4294967279,129
4294967279,128
4294967279,127
4294967279,126
4294967279,125
4294967279,124
4294967279,123
4294967279,122
4294967279,121
4294967279,120
4294967279,119
4294967279,118
4294967279,117
4294967279,116
4294967279,115
4294967279,114
4294967279,113
4294967279,112
4294967279,174
4294967279,105
4294967279,104
4294967279,103
4294967279,102
4294967279,101
4294967279,100
4294967279,99
4294967279,307
4294967279,98
4294967279,97
4294967279,96
4294967279,0
4294967279,260
4294967279,95
4294967279,306
4294967279,94
4294967279,93
4294967279,92
4294967279,91
4294967279,305
4294967279,90
4294967279,89
4294967279,87
4294967279,86
4294967279,304
4294967279,85
4294967279,84
4294967279,83
4294967279,82
4294967279,81
4294967279,80
4294967279,79
4294967279,78
4294967279,77
4294967279,76
4294967279,75
4294967279,74
4294967279,73
4294967279,72
4294967279,71
4294967279,70
4294967279,69
4294967279,68
4294967279,67
4294967279,66
4294967279,65
4294967279,64
4294967279,63
4294967279,62
4294967279,61
4294967279,60
4294967279,59
4294967279,58
4294967279,57
4294967279,56
4294967279,55
4294967279,54
4294967279,53
4294967279,52
4294967279,51
4294967279,50
4294967279,49
4294967279,48
4294967279,47
4294967279,46
4294967279,45
4294967279,44
4294967279,43
4294967279,42
4294967279,41
4294967279,40
4294967279,39
4294967279,38
4294967279,37
4294967279,36
4294967279,35
4294967279,34
4294967279,33
4294967279,32
4294967279,31
4294967279,30
4294967279,29
4294967279,28
4294967279,27
4294967279,26
4294967279,25
4294967279,24
4294967279,23
4294967279,22
4294967279,21
4294967279,20
4294967279,19
4294967279,18
4294967279,17
4294967279,16
4294967279,15
4294967279,14
4294967279,13
4294967279,12
4294967279,11
4294967279,10
4294967279,9
4294967279,8
4294967279,7
4294967279,6
4294967279,5
4294967279,4
4294967279,111
4294967279,232
4294967278,110
4294967278,230
43,4
43,5
14,4
15,7
20,4
20,6
20,5
7,4
42,4
4294967279,110
41,1
41,8
4294967279,230
41,4
41,5
4294967278,109
4294967278,228
4294967279,109
4294967279,228
4294967278,108
4294967278,226
4294967279,108
4294967279,226
4294967278,107
4294967278,224
4294967279,107
4294967279,224
0,5
4294967278,106
4294967278,222
4294967294,7
4294967279,106
4294967279,222
4294967294,6
21,4
22,6
22,5
21,6
21,5
6,4
6,5
4294967294,5
4294967278,395
145,5
145,8
145,7
145,6
58,13
4294967294,1660
4294967294,1806
496,4
496,3
496,2
496,1
4294967294,1805
64,16
3,15
4294967294,1659
495,5
495,4
495,3
495,2
495,1
4294967294,279
5,26
58,9
3,14
494,5
494,4
494,3
494,2
494,1
493,5
493,4
493,3
493,2
493,1
492,5
492,4
492,3
492,2
492,1
491,5
491,4
491,3
491,2
491,1
490,5
490,4
490,3
490,2
490,1
489,6
489,5
489,4
489,3
489,2
489,1
488,5
488,4
488,3
488,2
488,1
5,25
5,24
5,19
5,17
487,5
487,4
487,3
487,2
487,1
4294967279,331
486,5
486,4
486,3
486,2
486,1
4294967294,1757
5,21
64,42
64,41
64,18
485,5
485,4
485,3
485,2
485,1
4294967294,1804
4294967294,1711
4294967294,1803
484,8
484,7
484,6
484,5
484,4
484,3
484,2
484,1
5,23
4294967294,1670
483,4
483,3
483,2
483,1
4294967279,330
482,5
482,4
482,3
482,2
482,1
4294967294,1658
4294967294,1657
481,6
481,5
481,4
481,3
481,2
481,1
4294967279,329
4294967278,394
480,6
480,5
480,4
480,3
480,2
480,1
479,6
479,5
479,4
479,3
479,2
479,1
478,5
478,4
478,3
478,2
478,1
4294967294,1656
477,6
477,5
477,4
477,3
477,2
477,1
4294967294,1756
4294967294,1802
4294967294,1801
4294967294,1800
4294967294,1596
476,6
476,5
476,4
476,3
476,2
476,1
4294967294,92
475,6
475,5
475,4
475,3
475,2
475,1
4294967294,1655
474,6
474,5
474,4
474,3
474,2
474,1
4294967294,1799
473,6
473,5
473,4
473,3
473,2
473,1
4294967294,1721
472,5
472,4
472,3
472,2
472,1
64,15
5,22
144,17
4294967279,328
471,6
471,5
471,4
471,3
471,2
471,1
470,4
470,3
470,2
470,1
469,6
469,5
469,4
469,3
469,2
469,1
468,6
468,5
468,4
468,3
468,2
468,1
4294967294,1798
4294967294,1654
4294967294,1653
467,8
467,7
467,6
467,5
467,4
467,3
467,2
467,1
4294967294,1755
466,6
466,5
466,4
466,3
466,2
466,1
465,5
465,4
465,3
465,2
465,1
464,7
464,6
464,5
464,4
464,3
464,2
464,1
4294967294,1754
463,6
463,5
463,4
463,3
463,2
463,1
4294967294,1797
4294967294,1708
462,6
462,5
462,4
462,3
462,2
462,1
4294967294,1796
461,6
461,5
461,4
461,3
461,2
461,1
460,5
460,4
460,3
460,2
460,1
459,7
459,6
459,5
459,4
459,3
459,2
459,1
4294967294,1724
4294967294,1753
458,7
458,6
458,5
458,4
458,3
458,2
458,1
3,13
4294967278,393
4294967278,392
4294967279,327
58,12
457,7
457,6
457,5
457,4
457,3
457,2
457,1
456,5
456,4
456,3
456,2
456,1
455,4
455,3
455,2
455,1
454,8
454,7
454,6
454,5
454,4
454,3
454,2
454,1
